4294967279,335
4294967279,334
4294967278,394
434,30
434,32
434,40
4294967278,393
2,10
2,9
2,5
3,9
434,33
434,36
434,39
3,23
4,21
3,22
3,15
4,18
4,17
434,38
434,37
434,22
434,35
434,34
434,24
434,31
434,29
434,8
434,5
3,20
4,20
434,28
3,21
434,27
3,19
434,26
4,19
434,25
4,15
4,13
434,23
434,6
434,17
434,21
434,20
3,18
434,19
434,18
4,16
434,16
434,7
434,15
434,14
434,13
3,17
3,12
3,16
4,14
4,12
4,6
4,5
4,11
434,12
434,11
434,10
434,9
139,7
139,6
4294967294,1526
434,4
434,3
434,2
434,1
434,0
4294967294,1412
4294967294,84
4294967294,83
4294967294,1691
56,9
5,25
5,24
5,19
5,17
5,21
5,23
433,5
433,4
433,3
433,2
433,1
433,0
4294967294,1560
432,5
432,4
432,3
432,2
432,1
432,0
431,5
431,4
431,3
431,2
431,1
431,0
430,5
430,4
430,3
430,2
430,1
430,0
429,5
429,4
429,3
429,2
429,1
429,0
428,6
428,5
428,4
428,3
428,2
428,1
428,0
427,5
427,4
427,3
427,2
427,1
427,0
4294967294,1615
4294967279,333
426,5
426,4
426,3
426,2
426,1
426,0
425,5
425,4
425,3
425,2
425,1
425,0
424,4
424,3
424,2
424,1
424,0
4294967294,1525
423,5
423,4
423,3
423,2
423,1
423,0
422,6
422,5
422,4
422,3
422,2
422,1
422,0
62,36
62,15
5,22
4294967278,392
4294967279,332
4294967294,1728
421,6
421,5
421,4
421,3
421,2
421,1
421,0
420,6
420,5
420,4
420,3
420,2
420,1
420,0
4294967294,1690
419,5
419,4
419,3
419,2
419,1
419,0
418,5
418,4
418,3
418,2
418,1
418,0
417,6
417,5
417,4
417,3
417,2
417,1
417,0
4294967294,1524
416,6
416,5
416,4
416,3
416,2
416,1
416,0
415,6
415,5
415,4
415,3
415,2
415,1
415,0
414,6
414,5
414,4
414,3
414,2
414,1
414,0
4294967294,1523
413,6
413,5
413,4
413,3
413,2
413,1
413,0
4294967294,1614
412,6
412,5
412,4
412,3
412,2
412,1
412,0
411,4
411,3
411,2
411,1
411,0
3,14
62,14
4294967294,1522
410,6
410,5
410,4
410,3
410,2
410,1
410,0
409,6
409,5
409,4
409,3
409,2
409,1
409,0
408,8
408,7
408,6
408,5
408,4
408,3
408,2
408,1
408,0
4294967294,1689
407,6
407,5
407,4
407,3
407,2
407,1
407,0
4294967294,1613
406,5
406,4
406,3
406,2
406,1
406,0
5,14
3,10
405,4
405,3
405,2
405,1
405,0
4294967294,1688
4294967294,1668
404,6
404,5
404,4
404,3
404,2
404,1
404,0
403,6
403,5
403,4
403,3
403,2
403,1
403,0
4294967294,1612
4294967294,1687
4294967294,1593
402,6
402,5
402,4
402,3
402,2
402,1
402,0
5,20
138,14
138,11
401,7
401,6
401,5
401,4
401,3
401,2
401,1
401,0
4294967294,1686
4294967294,1685
4294967294,1670
400,5
400,4
400,3
400,2
400,1
400,0
4294967294,1521
399,7
399,6
399,5
399,4
399,3
399,2
399,1
399,0
4294967294,1684
4294967294,1675
398,7
398,6
398,5
398,4
398,3
398,2
398,1
398,0
4294967294,1683
4294967294,1682
4294967294,1681
4294967294,1676
397,4
397,3
397,2
397,1
397,0
396,4
396,3
396,2
396,1
396,0
4294967294,1611
4294967294,1680
395,8
395,7
395,6
395,5
395,4
395,3
395,2
395,1
395,0
394,4
394,3
394,2
394,1
394,0
393,6
393,5
393,4
393,3
393,2
393,1
393,0
4294967294,978
4294967278,391
392,5
392,4
392,3
392,2
392,1
392,0
5,18
5,16
5,7
5,5
4294967279,331
4294967294,1610
4294967294,1679
4294967294,1678
4294967294,93
391,4
391,3
391,2
391,1
391,0
390,4
390,3
390,2
390,1
390,0
389,4
389,3
389,2
389,1
389,0
388,4
388,3
388,2
388,1
388,0
387,4
387,3
387,2
387,1
387,0
386,4
386,3
386,2
386,1
386,0
385,4
385,3
385,2
385,1
385,0
384,4
384,3
384,2
384,1
384,0
383,4
383,3
383,2
383,1
383,0
382,4
382,3
382,2
382,1
382,0
381,4
381,3
381,2
381,1
381,0
380,7
380,6
380,5
380,4
380,3
380,2
380,1
380,0
379,6
379,5
379,4
379,3
379,2
379,1
379,0
4294967294,1520
378,6
378,5
378,4
378,3
378,2
378,1
378,0
5,15
62,23
62,21
377,5
377,4
377,3
377,2
377,1
377,0
4294967279,330
4294967279,329
4294967279,328
376,6
376,5
376,4
376,3
376,2
376,1
376,0
375,5
375,4
375,3
375,2
375,1
375,0
4294967294,1677
4294967294,1594
4294967294,1609
374,8
374,7
374,6
374,5
374,4
374,3
374,2
374,1
374,0
373,5
373,4
373,3
373,2
373,1
373,0
372,5
372,4
372,3
372,2
372,1
372,0
4294967294,1519
371,5
371,4
371,3
371,2
371,1
371,0
4294967294,1518
370,7
370,6
370,5
370,4
370,3
370,2
370,1
370,0
369,5
369,4
369,3
369,2
369,1
369,0
5,13
5,6
4294967278,390
5,12
4294967279,327
368,5
368,4
368,3
368,2
368,1
368,0
4294967278,389
4294967279,326
4294967279,325
4294967278,388
62,35
5,11
4294967278,387
3,13
62,34
62,33
62,27
62,25
367,4
367,3
367,2
367,1
367,0
366,8
366,7
366,6
366,5
366,4
366,3
366,2
366,1
366,0
365,5
365,4
365,3
365,2
365,1
365,0
4294967294,1608
4294967279,324
4294967278,386
4294967279,323
4294967279,322
4294967279,321
56,11
4294967279,320
4294967278,385
62,32
62,18
364,5
364,4
364,3
364,2
364,1
364,0
4294967294,1669
363,6
363,5
363,4
363,3
363,2
363,1
363,0
4294967294,1665
3,11
3,5
362,7
362,6
362,5
362,4
362,3
362,2
362,1
362,0
3,8
361,5
361,4
361,3
361,2
361,1
361,0
62,31
62,13
360,9
360,8
360,7
360,6
360,5
360,4
360,3
360,2
360,1
360,0
4294967294,1674
4294967294,1607
5,10
359,6
359,5
359,4
359,3
359,2
359,1
359,0
358,5
358,4
358,3
358,2
358,1
358,0
4294967294,1673
357,6
357,5
357,4
357,3
357,2
357,1
357,0
4294967294,1672
356,7
356,6
356,5
356,4
356,3
356,2
356,1
356,0
355,5
355,4
355,3
355,2
355,1
355,0
4294967294,1606
354,5
354,4
354,3
354,2
354,1
354,0
4294967294,1517
353,6
353,5
353,4
353,3
353,2
353,1
353,0
352,5
352,4
352,3
352,2
352,1
352,0
351,6
351,5
351,4
351,3
351,2
351,1
351,0
350,6
350,5
350,4
350,3
350,2
350,1
350,0
4294967278,384
4294967294,1605
349,7
349,6
349,5
349,4
349,3
349,2
349,1
349,0
4294967279,575
4294967279,574
4294967279,573
4294967279,572
348,9
348,8
348,7
348,6
348,5
348,4
348,3
348,2
348,1
348,0
4294967279,571
5,9
5,8
62,30
56,10
56,5
4294967294,1516
347,7
347,6
347,5
347,4
347,3
347,2
347,1
347,0
4294967294,1671
4294967294,1598
4294967294,1515
346,6
346,5
346,4
346,3
346,2
346,1
346,0
4294967294,1514
345,7
345,6
345,5
345,4
345,3
345,2
345,1
345,0
4294967294,1513
344,7
344,6
344,5
344,4
344,3
344,2
344,1
344,0
343,5
343,4
343,3
343,2
343,1
343,0
4294967294,1604
4294967294,1595
138,13
342,4
342,3
342,2
342,1
342,0
341,6
341,5
341,4
341,3
341,2
341,1
341,0
340,5
340,4
340,3
340,2
340,1
340,0
339,5
339,4
339,3
339,2
339,1
339,0
338,6
338,5
338,4
338,3
338,2
338,1
338,0
337,6
337,5
337,4
337,3
337,2
337,1
337,0
4294967294,1591
336,5
336,4
336,3
336,2
336,1
336,0
4294967294,1667
4294967294,1603
4294967294,977
335,5
335,4
335,3
335,2
335,1
335,0
4294967294,1512
4294967294,1511
334,6
334,5
334,4
334,3
334,2
334,1
334,0
4294967294,1510
4294967294,1509
333,7
333,6
333,5
333,4
333,3
333,2
333,1
333,0
332,4
332,3
332,2
332,1
332,0
4294967294,1508
331,5
331,4
331,3
331,2
331,1
331,0
62,29
4294967294,1507
330,6
330,5
330,4
330,3
330,2
330,1
330,0
4294967294,1506
329,7
329,6
329,5
329,4
329,3
329,2
329,1
329,0
4294967294,1602
328,6
328,5
328,4
328,3
328,2
328,1
328,0
4294967294,1505
327,7
327,6
327,5
327,4
327,3
327,2
327,1
327,0
326,6
326,5
326,4
326,3
326,2
326,1
326,0
325,7
325,6
325,5
325,4
325,3
325,2
325,1
325,0
324,6
324,5
324,4
324,3
324,2
324,1
324,0
323,8
323,7
323,6
323,5
323,4
323,3
323,2
323,1
323,0
4294967294,1666
4294967294,1596
322,5
322,4
322,3
322,2
322,1
322,0
4294967294,1664
4294967294,1578
321,5
321,4
321,3
321,2
321,1
321,0
4294967279,570
4294967294,1601
320,5
320,4
320,3
320,2
320,1
320,0
319,6
319,5
319,4
319,3
319,2
319,1
319,0
4294967294,1600
318,5
318,4
318,3
318,2
318,1
318,0
317,6
317,5
317,4
317,3
317,2
317,1
317,0
316,5
316,4
316,3
316,2
316,1
316,0
315,6
315,5
315,4
315,3
315,2
315,1
315,0
4294967294,1504
4294967294,91
314,9
314,8
314,7
314,6
314,5
314,4
314,3
314,2
314,1
314,0
313,7
313,6
313,5
313,4
313,3
313,2
313,1
313,0
4294967279,569
4294967294,1599
312,5
312,4
312,3
312,2
312,1
312,0
311,6
311,5
311,4
311,3
311,2
311,1
311,0
310,8
310,7
310,6
310,5
310,4
310,3
310,2
310,1
310,0
309,5
309,4
309,3
309,2
309,1
309,0
4294967294,1588
4294967294,511
308,5
308,4
308,3
308,2
308,1
308,0
4294967279,568
3,7
3,6
4294967294,1597
307,6
307,5
307,4
307,3
307,2
307,1
307,0
306,5
306,4
306,3
306,2
306,1
306,0
4294967294,1503
305,8
305,7
305,6
305,5
305,4
305,3
305,2
305,1
305,0
4294967278,383
4294967294,1582
304,5
304,4
304,3
304,2
304,1
304,0
4294967294,510
303,7
303,6
303,5
303,4
303,3
303,2
303,1
303,0
302,5
302,4
302,3
302,2
302,1
302,0
301,5
301,4
301,3
301,2
301,1
301,0
4294967294,1575
4294967294,1571
300,7
300,6
300,5
300,4
300,3
300,2
300,1
300,0
299,7
299,6
299,5
299,4
299,3
299,2
299,1
299,0
4294967279,567
298,6
298,5
298,4
298,3
298,2
298,1
298,0
4294967294,509
297,6
297,5
297,4
297,3
297,2
297,1
297,0
296,8
296,7
296,6
296,5
296,4
296,3
296,2
296,1
296,0
4294967294,1558
4294967294,1502
295,6
295,5
